231 377
231 375
230 373
230 371
230 369
230 368
229 366
229 364
229 362
229 360
229 358
229 357
229 355
229 353
229 351
229 349
229 348
229 346
229 344
229 342
229 340
229 338
230 337
230 335
230 333
230 331
231 329
231 327
231 326
232 324
232 322
233 320
233 318
233 317
234 315
234 313
235 311
236 309
236 307
237 306
237 304
238 302
239 300
239 298
240 297
241 295
242 293
242 291
243 289
244 288
245 286
246 284
247 282
248 281
249 279
250 277
251 275
252 274
253 272
254 270
255 268
256 267
257 265
258 263
260 261
261 260
262 258
263 256
265 255
266 253
267 251
269 249
270 248
271 246
273 244
274 243
276 241
277 240
279 238
280 236
282 235
283 233
285 231
286 230
288 228
290 227
291 225
293 223
295 222
296 220
298 219
300 217
302 216
304 214
305 213
307 211
309 210
311 208
313 207
315 205
317 204
319 202
321 201
323 200
325 198
327 197
329 195
331 194
333 193
335 191
337 190
339 188
341 187
343 186
346 184
348 183
350 182
352 181
354 179
357 178
359 177
361 176
364 174
366 173
368 172
371 171
373 169
375 168
378 167
380 166
382 165
385 164
387 163
390 162
392 160
395 159
397 158
400 157
402 156
405 155
407 154
410 153
412 152
415 151
418 150
420 149
423 148
425 147
428 147
431 146
433 145
436 144
439 143
441 142
444 141
447 141
450 140
452 139
455 138
458 137
460 137
463 136
466 135
469 135
472 134
474 133
