226 365
227 364
227 365
227 365
227 365
227 365
227 364
227 364
227 364
227 365
226 364
226 364
226 364
226 365
226 364
226 364
226 365
226 364
227 364
226 364
226 364
226 364
226 363
226 363
226 360
226 357
227 352
228 350
228 348
229 344
230 340
231 338
231 336
233 332
234 328
234 326
234 324
235 321
236 317
237 316
238 315
239 311
240 306
241 303
243 300
245 295
246 291
249 286
251 283
254 278
256 276
258 272
259 270
261 266
262 264
264 261
266 258
268 255
270 253
271 250
272 249
273 247
274 246
275 245
276 242
278 240
279 238
281 235
282 234
284 231
286 230
287 228
290 225
293 221
295 219
296 218
298 217
299 215
300 215
301 214
302 212
304 211
305 210
306 209
308 208
308 208
310 205
312 204
316 201
317 199
324 198
324 195
330 193
331 190
338 189
338 186
344 186
343 183
346 181
347 180
349 179
350 178
355 179
354 176
359 177
358 174
362 176
365 175
370 174
369 171
370 169
373 167
376 166
377 166
378 165
381 163
387 163
386 160
388 159
395 160
397 157
399 156
401 156
403 156
404 155
406 153
408 153
411 152
412 152
415 151
417 150
421 149
422 149
425 149
427 148
430 147
432 147
433 147
436 146
438 146
439 146
440 145
442 145
444 145
445 145
446 144
449 143
452 143
453 143
454 143
456 143
458 142
459 142
460 142
460 142
460 142
460 142
460 142
461 141
461 141
462 141
463 141
464 141
465 141
466 141
467 141
