232 375
232 375
232 375
232 375
231 375
231 375
231 374
231 374
231 374
231 373
231 373
231 372
231 371
231 371
231 370
231 369
231 369
231 368
231 367
231 366
231 365
231 364
231 363
231 362
231 361
231 360
232 359
232 358
232 356
232 355
232 354
233 352
233 351
233 350
233 348
234 347
234 345
234 344
234 342
235 341
235 339
235 337
236 336
236 334
236 332
237 331
237 329
238 327
238 325
238 324
239 322
239 320
240 318
240 316
241 314
241 313
242 311
242 309
243 307
243 305
244 303
244 301
245 299
246 297
246 295
247 293
248 292
248 290
249 288
250 286
250 284
251 282
252 280
253 278
253 276
254 274
255 272
256 270
257 268
258 266
258 264
259 262
260 261
261 259
262 257
263 255
264 253
265 251
267 249
268 247
269 246
270 244
271 242
272 240
274 238
275 237
276 235
278 233
279 231
280 230
282 228
283 226
285 225
286 223
288 221
289 220
291 218
293 216
294 215
296 213
298 212
300 210
302 209
304 207
305 206
307 204
309 203
311 201
313 200
316 198
318 197
320 196
322 194
324 193
327 192
329 190
331 189
334 188
336 186
339 185
341 184
344 183
347 181
349 180
352 179
355 178
358 177
360 176
363 174
366 173
369 172
372 171
375 170
378 169
382 168
385 167
388 165
391 164
395 163
398 162
402 161
405 160
408 159
412 158
416 157
419 156
423 155
427 154
430 153
434 152
438 151
442 150
446 149
450 148
454 147
458 146
