217 371
218 370
219 369
219 368
220 367
221 366
221 365
222 363
223 362
223 361
224 360
225 358
226 357
226 355
227 354
228 352
228 351
229 349
230 348
231 346
231 345
232 343
233 341
233 340
234 338
235 336
236 334
236 333
237 331
238 329
239 327
239 325
240 323
241 322
242 320
242 318
243 316
244 314
245 312
246 310
246 308
247 306
248 304
249 302
249 300
250 298
251 296
252 294
253 292
254 290
254 288
255 286
256 284
257 282
258 280
259 278
260 276
260 274
261 272
262 270
263 268
264 266
265 264
266 262
267 260
268 258
269 257
270 255
271 253
272 251
273 249
274 247
275 245
276 243
277 241
278 240
279 238
281 236
282 234
283 232
284 231
285 229
287 227
288 225
289 224
290 222
292 220
293 219
294 217
296 216
297 214
299 212
300 211
301 209
303 208
305 206
306 205
308 203
309 202
311 200
313 199
314 198
316 196
318 195
319 193
321 192
323 191
325 190
327 188
329 187
331 186
333 185
335 183
337 182
339 181
341 180
343 179
345 178
347 176
349 175
352 174
354 173
356 172
359 171
361 170
363 169
366 168
368 167
371 166
373 165
376 164
378 163
381 162
384 161
386 161
389 160
392 159
395 158
398 157
400 156
403 155
406 154
409 154
412 153
415 152
418 151
421 150
424 150
428 149
431 148
434 147
437 146
440 145
444 145
447 144
450 143
454 142
457 141
460 141
464 140
467 139
471 138
474 137
478 137
481 136
485 135
