226 368
226 368
226 368
227 368
227 367
227 367
227 367
227 367
227 366
227 366
227 365
228 365
228 364
228 364
228 363
228 362
229 362
229 361
229 360
229 359
229 358
230 357
230 356
230 355
230 354
231 353
231 352
231 351
231 350
232 349
232 348
232 346
232 345
233 344
233 342
233 341
234 340
234 338
234 337
235 335
235 334
235 332
236 331
236 329
237 328
237 326
237 324
238 323
238 321
239 319
239 318
239 316
240 314
240 313
241 311
241 309
242 307
242 306
243 304
243 302
244 300
245 298
245 297
246 295
246 293
247 291
248 289
248 287
249 286
250 284
250 282
251 280
252 278
253 276
253 275
254 273
255 271
256 269
257 267
257 265
258 263
259 262
260 260
261 258
262 256
263 254
264 253
265 251
266 249
268 247
269 245
270 244
271 242
272 240
274 238
275 237
276 235
277 233
279 232
280 230
282 228
283 227
285 225
286 223
288 222
289 220
291 218
293 217
294 215
296 214
298 212
300 211
302 209
303 208
305 206
307 205
309 203
311 202
313 200
316 199
318 197
320 196
322 195
325 193
327 192
329 191
332 189
334 188
337 187
339 185
342 184
344 183
347 182
350 180
353 179
355 178
358 177
361 175
364 174
367 173
370 172
373 171
376 170
380 169
383 167
386 166
389 165
393 164
396 163
400 162
403 161
407 160
410 159
414 158
418 157
421 156
425 155
429 154
433 153
437 152
441 151
445 150
449 149
453 148
458 147
462 146
