235 340
234 340
234 340
233 340
233 340
232 340
232 339
231 339
231 339
230 339
230 338
230 338
229 338
229 337
229 337
228 337
228 336
228 336
228 335
227 334
227 334
227 333
227 333
227 332
227 331
227 331
227 330
227 329
227 328
227 328
227 327
227 326
227 325
227 324
227 323
227 322
227 321
227 320
228 319
228 318
228 317
228 316
229 315
229 314
229 313
229 312
230 311
230 310
231 308
231 307
231 306
232 305
232 304
233 302
233 301
234 300
234 299
235 297
236 296
236 295
237 293
238 292
238 291
239 289
240 288
241 287
241 285
242 284
243 282
244 281
245 280
246 278
246 277
247 275
248 274
249 272
250 271
251 270
252 268
254 267
255 265
256 264
257 262
258 261
259 259
261 258
262 256
263 255
264 253
266 252
267 250
268 249
270 247
271 246
273 244
274 243
276 241
277 240
279 238
281 237
282 236
284 234
285 233
287 231
289 230
291 228
292 227
294 225
296 224
298 222
300 221
302 220
304 218
306 217
308 215
310 214
312 212
314 211
316 210
318 208
321 207
323 206
325 204
327 203
330 202
332 200
335 199
337 198
339 196
342 195
345 194
347 192
350 191
352 190
355 188
358 187
360 186
363 185
366 183
369 182
372 181
375 180
377 179
380 177
383 176
386 175
390 174
393 173
396 172
399 170
402 169
405 168
409 167
412 166
415 165
419 164
422 163
426 162
429 161
433 160
436 159
440 158
444 156
447 155
451 154
455 153
